function [a,b,c,d] = vabcd
a = [-200 0;100 -1];
b = [1 0; 2 0];
c = [27417.8 1];
d = [674.548 0];
